0 32760 29
1 32025 56
2 29916 93
3 26711 141
4 22830 203
5 18775 279
6 15059 372
7 12140 481
8 10348 611
9 9845 760
10 10604 930
11 12405 1122
12 14877 1335
13 17541 1571
14 19884 1828
15 21430 2104
16 21807 2399
17 20798 2709
18 18376 3032
19 14706 3364
20 10124 3700
21 5086 4036
22 113 4368
23 -4289 4689
24 -7697 4979
25 -9827 5248
26 -10577 5511
27 -10038 5745
28 -8481 5946
29 -6320 6110
30 -4050 6233
31 -2179 6312
32 -1153 6345
33 -1299 6328
34 -2770 6262
35 -5530 6145
36 -9353 5979
37 -13858 5763
38 -18559 5499
39 -22936 5190
40 -26504 4838
41 -28882 4446
42 -29846 4017
43 -29362 3555
44 -27587 3063
45 -24848 2545
46 -21596 2005
47 -18343 1446
48 -15589 873
49 -13752 300
50 -13107 -303
51 -13752 -904
52 -15589 -1502
53 -18343 -2094
54 -21596 -2677
55 -24848 -3250
56 -27587 -3810
57 -29362 -4355
58 -29846 -4883
59 -28882 -5393
60 -26504 -5880
61 -22936 -6345
62 -18559 -6785
63 -13858 -7198
64 -9353 -7583
65 -5530 -7937
66 -2770 -8260
67 -1299 -8551
68 -1153 -8807
69 -2179 -9029
70 -4050 -9214
71 -6320 -9364
72 -8481 -9476
73 -10038 -9552
74 -10577 -9589
75 -9827 -9589
76 -7697 -9552
77 -4289 -9476
78 113 -9364
79 5086 -9214
80 10124 -9029
81 14706 -8807
82 18376 -8551
83 20798 -8260
84 21807 -7937
85 21430 -7583
86 19884 -7198
87 17541 -6785
88 14877 -6345
89 12405 -5880
90 10604 -5393
91 9845 -4883
92 10348 -4355
93 12140 -3810
94 15059 -3250
95 18775 -2677
96 22830 -2094
97 26711 -1502
98 29916 -904
99 32025 -303
100 32760 300
101 32025 902
102 29916 1500
103 26711 2092
104 22830 2677
105 18775 3250
106 15059 3811
107 12140 4357
108 10348 4885
109 9845 5394
110 10604 5881
111 12405 6345
112 14877 6784
113 17541 7196
114 19884 7580
115 21430 7934
116 21807 8257
117 20798 8547
118 18376 8804
119 14706 9026
120 10124 9213
121 5086 9363
122 113 9477
123 -4289 9553
124 -7697 9591
125 -9827 9591
126 -10577 9553
127 -10038 9477
128 -8481 9363
129 -6320 9213
130 -4050 9026
131 -2179 8804
132 -1153 8547
133 -1299 8257
134 -2770 7934
135 -5530 7580
136 -9353 7196
137 -13858 6784
138 -18559 6345
139 -22936 5881
140 -26504 5394
141 -28882 4885
142 -29846 4357
143 -29362 3811
144 -27587 3250
145 -24848 2677
146 -21596 2092
147 -18343 1500
148 -15589 902
149 -13752 300
150 -13107 -303
151 -13752 -904
152 -15589 -1502
153 -18343 -2094
154 -21596 -2677
155 -24848 -3250
156 -27587 -3810
157 -29362 -4355
158 -29846 -4883
159 -28882 -5393
160 -26504 -5880
161 -22936 -6345
162 -18559 -6785
163 -13858 -7198
164 -9353 -7583
165 -5530 -7937
166 -2770 -8260
167 -1299 -8551
168 -1153 -8807
169 -2179 -9029
170 -4050 -9214
171 -6320 -9364
172 -8481 -9476
173 -10038 -9552
174 -10577 -9589
175 -9827 -9589
176 -7697 -9552
177 -4289 -9476
178 113 -9364
179 5086 -9214
180 10124 -9029
181 14706 -8807
182 18376 -8551
183 20798 -8260
184 21807 -7937
185 21430 -7583
186 19884 -7198
187 17541 -6785
188 14877 -6345
189 12405 -5880
190 10604 -5393
191 9845 -4883
192 10348 -4355
193 12140 -3810
194 15059 -3250
195 18775 -2677
196 22830 -2094
197 26711 -1502
198 29916 -904
199 32025 -303
200 32760 300
201 32025 902
202 29916 1500
203 26711 2092
204 22830 2677
205 18775 3250
206 15059 3811
207 12140 4357
208 10348 4885
209 9845 5394
210 10604 5881
211 12405 6345
212 14877 6784
213 17541 7196
214 19884 7580
215 21430 7934
216 21807 8257
217 20798 8547
218 18376 8804
219 14706 9026
220 10124 9213
221 5086 9363
222 113 9477
223 -4289 9553
224 -7697 9591
225 -9827 9591
226 -10577 9553
227 -10038 9477
228 -8481 9363
229 -6320 9213
230 -4050 9026
231 -2179 8804
232 -1153 8547
233 -1299 8257
234 -2770 7934
235 -5530 7580
236 -9353 7196
237 -13858 6784
238 -18559 6345
239 -22936 5881
240 -26504 5394
241 -28882 4885
242 -29846 4357
243 -29362 3811
244 -27587 3250
245 -24848 2677
246 -21596 2092
247 -18343 1500
248 -15589 902
249 -13752 300
250 -13107 -303
251 -13752 -904
252 -15589 -1502
253 -18343 -2094
254 -21596 -2677
255 -24848 -3250
256 -27587 -3810
257 -29362 -4355
258 -29846 -4883
259 -28882 -5393
260 -26504 -5880
261 -22936 -6345
262 -18559 -6785
263 -13858 -7198
264 -9353 -7583
265 -5530 -7937
266 -2770 -8260
267 -1299 -8551
268 -1153 -8807
269 -2179 -9029
270 -4050 -9214
271 -6320 -9364
272 -8481 -9476
273 -10038 -9552
274 -10577 -9589
275 -9827 -9589
276 -7697 -9552
277 -4289 -9476
278 113 -9364
279 5086 -9214
280 10124 -9029
281 14706 -8807
282 18376 -8551
283 20798 -8260
284 21807 -7937
285 21430 -7583
286 19884 -7198
287 17541 -6785
288 14877 -6345
289 12405 -5880
290 10604 -5393
291 9845 -4883
292 10348 -4355
293 12140 -3810
294 15059 -3250
295 18775 -2677
296 22830 -2094
297 26711 -1502
298 29916 -904
299 32025 -303
300 32760 300
301 32025 902
302 29916 1500
303 26711 2092
304 22830 2677
305 18775 3250
306 15059 3811
307 12140 4357
308 10348 4885
309 9845 5394
310 10604 5881
311 12405 6345
312 14877 6784
313 17541 7196
314 19884 7580
315 21430 7934
316 21807 8257
317 20798 8547
318 18376 8804
319 14706 9026
320 10124 9213
321 5086 9363
322 113 9477
323 -4289 9553
324 -7697 9591
325 -9827 9591
326 -10577 9553
327 -10038 9477
328 -8481 9363
329 -6320 9213
330 -4050 9026
331 -2179 8804
332 -1153 8547
333 -1299 8257
334 -2770 7934
335 -5530 7580
336 -9353 7196
337 -13858 6784
338 -18559 6345
339 -22936 5881
340 -26504 5394
341 -28882 4885
342 -29846 4357
343 -29362 3811
344 -27587 3250
345 -24848 2677
346 -21596 2092
347 -18343 1500
348 -15589 902
349 -13752 300
350 -13107 -303
351 -13752 -904
352 -15589 -1502
353 -18343 -2094
354 -21596 -2677
355 -24848 -3250
356 -27587 -3810
357 -29362 -4355
358 -29846 -4883
359 -28882 -5393
360 -26504 -5880
361 -22936 -6345
362 -18559 -6785
363 -13858 -7198
364 -9353 -7583
365 -5530 -7937
366 -2770 -8260
367 -1299 -8551
368 -1153 -8807
369 -2179 -9029
370 -4050 -9214
371 -6320 -9364
372 -8481 -9476
373 -10038 -9552
374 -10577 -9589
375 -9827 -9589
376 -7697 -9552
377 -4289 -9476
378 113 -9364
379 5086 -9214
380 10124 -9029
381 14706 -8807
382 18376 -8551
383 20798 -8260
384 21807 -7937
385 21430 -7583
386 19884 -7198
387 17541 -6785
388 14877 -6345
389 12405 -5880
390 10604 -5393
391 9845 -4883
392 10348 -4355
393 12140 -3810
394 15059 -3250
395 18775 -2677
396 22830 -2094
397 26711 -1502
398 29916 -904
399 32025 -303
400 32760 300
401 32025 902
402 29916 1500
403 26711 2092
404 22830 2677
405 18775 3250
406 15059 3811
407 12140 4357
408 10348 4885
409 9845 5394
410 10604 5881
411 12405 6345
412 14877 6784
413 17541 7196
414 19884 7580
415 21430 7934
416 21807 8257
417 20798 8547
418 18376 8804
419 14706 9026
420 10124 9213
421 5086 9363
422 113 9477
423 -4289 9553
424 -7697 9591
425 -9827 9591
426 -10577 9553
427 -10038 9477
428 -8481 9363
429 -6320 9213
430 -4050 9026
431 -2179 8804
432 -1153 8547
433 -1299 8257
434 -2770 7934
435 -5530 7580
436 -9353 7196
437 -13858 6784
438 -18559 6345
439 -22936 5881
440 -26504 5394
441 -28882 4885
442 -29846 4357
443 -29362 3811
444 -27587 3250
445 -24848 2677
446 -21596 2092
447 -18343 1500
448 -15589 902
449 -13752 300
450 -13107 -303
451 -13752 -904
452 -15589 -1502
453 -18343 -2094
454 -21596 -2677
455 -24848 -3250
456 -27587 -3810
457 -29362 -4355
458 -29846 -4883
459 -28882 -5393
460 -26504 -5880
461 -22936 -6345
462 -18559 -6785
463 -13858 -7198
464 -9353 -7583
465 -5530 -7937
466 -2770 -8260
467 -1299 -8551
468 -1153 -8807
469 -2179 -9029
470 -4050 -9214
471 -6320 -9364
472 -8481 -9476
473 -10038 -9552
474 -10577 -9589
475 -9827 -9589
476 -7697 -9552
477 -4289 -9476
478 113 -9364
479 5086 -9214
480 10124 -9029
481 14706 -8807
482 18376 -8551
483 20798 -8260
484 21807 -7937
485 21430 -7583
486 19884 -7198
487 17541 -6785
488 14877 -6345
489 12405 -5880
490 10604 -5393
491 9845 -4883
492 10348 -4355
493 12140 -3810
494 15059 -3250
495 18775 -2677
496 22830 -2094
497 26711 -1502
498 29916 -904
499 32025 -303
500 32760 300
501 32025 902
502 29916 1500
503 26711 2092
504 22830 2677
505 18775 3250
506 15059 3811
507 12140 4357
508 10348 4885
509 9845 5394
510 10604 5881
511 12405 6345
512 14877 6784
513 17541 7196
514 19884 7580
515 21430 7934
516 21807 8257
517 20798 8547
518 18376 8804
519 14706 9026
520 10124 9213
521 5086 9363
522 113 9477
523 -4289 9553
524 -7697 9591
525 -9827 9591
526 -10577 9553
527 -10038 9477
528 -8481 9363
529 -6320 9213
530 -4050 9026
531 -2179 8804
532 -1153 8547
533 -1299 8257
534 -2770 7934
535 -5530 7580
536 -9353 7196
537 -13858 6784
538 -18559 6345
539 -22936 5881
540 -26504 5394
541 -28882 4885
542 -29846 4357
543 -29362 3811
544 -27587 3250
545 -24848 2677
546 -21596 2092
547 -18343 1500
548 -15589 902
549 -13752 300
550 -13107 -303
551 -13752 -904
552 -15589 -1502
553 -18343 -2094
554 -21596 -2677
555 -24848 -3250
556 -27587 -3810
557 -29362 -4355
558 -29846 -4883
559 -28882 -5393
560 -26504 -5880
561 -22936 -6345
562 -18559 -6785
563 -13858 -7198
564 -9353 -7583
565 -5530 -7937
566 -2770 -8260
567 -1299 -8551
568 -1153 -8807
569 -2179 -9029
570 -4050 -9214
571 -6320 -9364
572 -8481 -9476
573 -10038 -9552
574 -10577 -9589
575 -9827 -9589
576 -7697 -9552
577 -4289 -9476
578 113 -9364
579 5086 -9214
580 10124 -9029
581 14706 -8807
582 18376 -8551
583 20798 -8260
584 21807 -7937
585 21430 -7583
586 19884 -7198
587 17541 -6785
588 14877 -6345
589 12405 -5880
590 10604 -5393
591 9845 -4883
592 10348 -4355
593 12140 -3810
594 15059 -3250
595 18775 -2677
596 22830 -2094
597 26711 -1502
598 29916 -904
599 32025 -303
600 32760 300
601 32025 902
602 29916 1500
603 26711 2092
604 22830 2677
605 18775 3250
606 15059 3811
607 12140 4357
608 10348 4885
609 9845 5394
610 10604 5881
611 12405 6345
612 14877 6784
613 17541 7196
614 19884 7580
615 21430 7934
616 21807 8257
617 20798 8547
618 18376 8804
619 14706 9026
620 10124 9213
621 5086 9363
622 113 9477
623 -4289 9553
624 -7697 9591
625 -9827 9591
626 -10577 9553
627 -10038 9477
628 -8481 9363
629 -6320 9213
630 -4050 9026
631 -2179 8804
632 -1153 8547
633 -1299 8257
634 -2770 7934
635 -5530 7580
636 -9353 7196
637 -13858 6784
638 -18559 6345
639 -22936 5881
640 -26504 5394
641 -28882 4885
642 -29846 4357
643 -29362 3811
644 -27587 3250
645 -24848 2677
646 -21596 2092
647 -18343 1500
648 -15589 902
649 -13752 300
650 -13107 -303
651 -13752 -904
652 -15589 -1502
653 -18343 -2094
654 -21596 -2677
655 -24848 -3250
656 -27587 -3810
657 -29362 -4355
658 -29846 -4883
659 -28882 -5393
660 -26504 -5880
661 -22936 -6345
662 -18559 -6785
663 -13858 -7198
664 -9353 -7583
665 -5530 -7937
666 -2770 -8260
667 -1299 -8551
668 -1153 -8807
669 -2179 -9029
670 -4050 -9214
671 -6320 -9364
672 -8481 -9476
673 -10038 -9552
674 -10577 -9589
675 -9827 -9589
676 -7697 -9552
677 -4289 -9476
678 113 -9364
679 5086 -9214
680 10124 -9029
681 14706 -8807
682 18376 -8551
683 20798 -8260
684 21807 -7937
685 21430 -7583
686 19884 -7198
687 17541 -6785
688 14877 -6345
689 12405 -5880
690 10604 -5393
691 9845 -4883
692 10348 -4355
693 12140 -3810
694 15059 -3250
695 18775 -2677
696 22830 -2094
697 26711 -1502
698 29916 -904
699 32025 -303
700 32760 300
701 32025 902
702 29916 1500
703 26711 2092
704 22830 2677
705 18775 3250
706 15059 3811
707 12140 4357
708 10348 4885
709 9845 5394
710 10604 5881
711 12405 6345
712 14877 6784
713 17541 7196
714 19884 7580
715 21430 7934
716 21807 8257
717 20798 8547
718 18376 8804
719 14706 9026
720 10124 9213
721 5086 9363
722 113 9477
723 -4289 9553
724 -7697 9591
725 -9827 9591
726 -10577 9553
727 -10038 9477
728 -8481 9363
729 -6320 9213
730 -4050 9026
731 -2179 8804
732 -1153 8547
733 -1299 8257
734 -2770 7934
735 -5530 7580
736 -9353 7196
737 -13858 6784
738 -18559 6345
739 -22936 5881
740 -26504 5394
741 -28882 4885
742 -29846 4357
743 -29362 3811
744 -27587 3250
745 -24848 2677
746 -21596 2092
747 -18343 1500
748 -15589 902
749 -13752 300
750 -13107 -303
751 -13752 -904
752 -15589 -1502
753 -18343 -2094
754 -21596 -2677
755 -24848 -3250
756 -27587 -3810
757 -29362 -4355
758 -29846 -4883
759 -28882 -5393
760 -26504 -5880
761 -22936 -6345
762 -18559 -6785
763 -13858 -7198
764 -9353 -7583
765 -5530 -7937
766 -2770 -8260
767 -1299 -8551
768 -1153 -8807
769 -2179 -9029
770 -4050 -9214
771 -6320 -9364
772 -8481 -9476
773 -10038 -9552
774 -10577 -9589
775 -9827 -9589
776 -7697 -9552
777 -4289 -9476
778 113 -9364
779 5086 -9214
780 10124 -9029
781 14706 -8807
782 18376 -8551
783 20798 -8260
784 21807 -7937
785 21430 -7583
786 19884 -7198
787 17541 -6785
788 14877 -6345
789 12405 -5880
790 10604 -5393
791 9845 -4883
792 10348 -4355
793 12140 -3810
794 15059 -3250
795 18775 -2677
796 22830 -2094
797 26711 -1502
798 29916 -904
799 32025 -303
800 32760 300
801 32025 902
802 29916 1500
803 26711 2092
804 22830 2677
805 18775 3250
806 15059 3811
807 12140 4357
808 10348 4885
809 9845 5394
810 10604 5881
811 12405 6345
812 14877 6784
813 17541 7196
814 19884 7580
815 21430 7934
816 21807 8257
817 20798 8547
818 18376 8804
819 14706 9026
820 10124 9213
821 5086 9363
822 113 9477
823 -4289 9553
824 -7697 9591
825 -9827 9591
826 -10577 9553
827 -10038 9477
828 -8481 9363
829 -6320 9213
830 -4050 9026
831 -2179 8804
832 -1153 8547
833 -1299 8257
834 -2770 7934
835 -5530 7580
836 -9353 7196
837 -13858 6784
838 -18559 6345
839 -22936 5881
840 -26504 5394
841 -28882 4885
842 -29846 4357
843 -29362 3811
844 -27587 3250
845 -24848 2677
846 -21596 2092
847 -18343 1500
848 -15589 902
849 -13752 300
850 -13107 -303
851 -13752 -904
852 -15589 -1502
853 -18343 -2094
854 -21596 -2677
855 -24848 -3250
856 -27587 -3810
857 -29362 -4355
858 -29846 -4883
859 -28882 -5393
860 -26504 -5880
861 -22936 -6345
862 -18559 -6785
863 -13858 -7198
864 -9353 -7583
865 -5530 -7937
866 -2770 -8260
867 -1299 -8551
868 -1153 -8807
869 -2179 -9029
870 -4050 -9214
871 -6320 -9364
872 -8481 -9476
873 -10038 -9552
874 -10577 -9589
875 -9827 -9589
876 -7697 -9552
877 -4289 -9476
878 113 -9364
879 5086 -9214
880 10124 -9029
881 14706 -8807
882 18376 -8551
883 20798 -8260
884 21807 -7937
885 21430 -7583
886 19884 -7198
887 17541 -6785
888 14877 -6345
889 12405 -5880
890 10604 -5393
891 9845 -4883
892 10348 -4355
893 12140 -3810
894 15059 -3250
895 18775 -2677
896 22830 -2094
897 26711 -1502
898 29916 -904
899 32025 -303
900 32760 300
901 32025 902
902 29916 1500
903 26711 2092
904 22830 2677
905 18775 3250
906 15059 3811
907 12140 4357
908 10348 4885
909 9845 5394
910 10604 5881
911 12405 6345
912 14877 6784
913 17541 7196
914 19884 7580
915 21430 7934
916 21807 8257
917 20798 8547
918 18376 8804
919 14706 9026
920 10124 9213
921 5086 9363
922 113 9477
923 -4289 9553
924 -7697 9591
925 -9827 9591
926 -10577 9553
927 -10038 9477
928 -8481 9363
929 -6320 9213
930 -4050 9026
931 -2179 8804
932 -1153 8547
933 -1299 8257
934 -2770 7934
935 -5530 7580
936 -9353 7196
937 -13858 6784
938 -18559 6345
939 -22936 5881
940 -26504 5394
941 -28882 4885
942 -29846 4357
943 -29362 3811
944 -27587 3250
945 -24848 2677
946 -21596 2092
947 -18343 1500
948 -15589 902
949 -13752 300
950 -13107 -303
951 -13752 -904
952 -15589 -1502
953 -18343 -2094
954 -21596 -2677
955 -24848 -3250
956 -27587 -3810
957 -29362 -4355
958 -29846 -4883
959 -28882 -5393
960 -26504 -5880
961 -22936 -6345
962 -18559 -6785
963 -13858 -7198
964 -9353 -7583
965 -5530 -7937
966 -2770 -8260
967 -1299 -8551
968 -1153 -8807
969 -2179 -9029
970 -4050 -9214
971 -6320 -9364
972 -8481 -9476
973 -10038 -9552
974 -10577 -9589
975 -9827 -9589
976 -7697 -9552
977 -4289 -9476
978 113 -9364
979 5086 -9214
980 10124 -9029
981 14706 -8807
982 18376 -8551
983 20798 -8260
984 21807 -7937
985 21430 -7583
986 19884 -7198
987 17541 -6785
988 14877 -6345
989 12405 -5880
990 10604 -5393
991 9845 -4883
992 10348 -4355
993 12140 -3810
994 15059 -3250
995 18775 -2677
996 22830 -2094
997 26711 -1502
998 29916 -904
999 32025 -303
1000 32760 300
1001 32025 902
1002 29916 1500
1003 26711 2092
1004 22830 2677
1005 18775 3250
1006 15059 3811
1007 12140 4357
1008 10348 4885
1009 9845 5394
1010 10604 5881
1011 12405 6345
1012 14877 6784
1013 17541 7196
1014 19884 7580
1015 21430 7934
1016 21807 8257
1017 20798 8547
1018 18376 8804
1019 14706 9026
1020 10124 9213
1021 5086 9363
1022 113 9477
1023 -4289 9553
1024 -7697 9591
1025 -9827 9591
1026 -10577 9553
1027 -10038 9477
1028 -8481 9363
1029 -6320 9213
1030 -4050 9026
1031 -2179 8804
1032 -1153 8547
1033 -1299 8257
1034 -2770 7934
1035 -5530 7580
1036 -9353 7196
1037 -13858 6784
1038 -18559 6345
1039 -22936 5881
1040 -26504 5394
1041 -28882 4885
1042 -29846 4357
1043 -29362 3811
1044 -27587 3250
1045 -24848 2677
1046 -21596 2092
1047 -18343 1500
1048 -15589 902
1049 -13752 300
1050 -13107 -303
1051 -13752 -904
1052 -15589 -1502
1053 -18343 -2094
1054 -21596 -2677
1055 -24848 -3250
1056 -27587 -3810
1057 -29362 -4355
1058 -29846 -4883
1059 -28882 -5393
1060 -26504 -5880
1061 -22936 -6345
1062 -18559 -6785
1063 -13858 -7198
1064 -9353 -7583
1065 -5530 -7937
1066 -2770 -8260
1067 -1299 -8551
1068 -1153 -8807
1069 -2179 -9029
1070 -4050 -9214
1071 -6320 -9364
1072 -8481 -9476
1073 -10038 -9552
1074 -10577 -9589
1075 -9827 -9589
1076 -7697 -9552
1077 -4289 -9476
1078 113 -9364
1079 5086 -9214
1080 10124 -9029
1081 14706 -8807
1082 18376 -8551
1083 20798 -8260
1084 21807 -7937
1085 21430 -7583
1086 19884 -7198
1087 17541 -6785
1088 14877 -6345
1089 12405 -5880
1090 10604 -5393
1091 9845 -4883
1092 10348 -4355
1093 12140 -3810
1094 15059 -3250
1095 18775 -2677
1096 22830 -2094
1097 26711 -1502
1098 29916 -904
1099 32025 -303
1100 32760 300
1101 32025 902
1102 29916 1500
1103 26711 2092
1104 22830 2677
1105 18775 3250
1106 15059 3811
1107 12140 4357
1108 10348 4885
1109 9845 5394
1110 10604 5881
1111 12405 6345
1112 14877 6784
1113 17541 7196
1114 19884 7580
1115 21430 7934
1116 21807 8257
1117 20798 8547
1118 18376 8804
1119 14706 9026
1120 10124 9213
1121 5086 9363
1122 113 9477
1123 -4289 9553
1124 -7697 9591
1125 -9827 9591
1126 -10577 9553
1127 -10038 9477
1128 -8481 9363
1129 -6320 9213
1130 -4050 9026
1131 -2179 8804
1132 -1153 8547
1133 -1299 8257
1134 -2770 7934
1135 -5530 7580
1136 -9353 7196
1137 -13858 6784
1138 -18559 6345
1139 -22936 5881
1140 -26504 5394
1141 -28882 4885
1142 -29846 4357
1143 -29362 3811
1144 -27587 3250
1145 -24848 2677
1146 -21596 2092
1147 -18343 1500
1148 -15589 902
1149 -13752 300
1150 -13107 -303
1151 -13752 -904
1152 -15589 -1502
1153 -18343 -2094
1154 -21596 -2677
1155 -24848 -3250
1156 -27587 -3810
1157 -29362 -4355
1158 -29846 -4883
1159 -28882 -5393
1160 -26504 -5880
1161 -22936 -6345
1162 -18559 -6785
1163 -13858 -7198
1164 -9353 -7583
1165 -5530 -7937
1166 -2770 -8260
1167 -1299 -8551
1168 -1153 -8807
1169 -2179 -9029
1170 -4050 -9214
1171 -6320 -9364
1172 -8481 -9476
1173 -10038 -9552
1174 -10577 -9589
1175 -9827 -9589
1176 -7697 -9552
1177 -4289 -9476
1178 113 -9364
1179 5086 -9214
1180 10124 -9029
1181 14706 -8807
1182 18376 -8551
1183 20798 -8260
1184 21807 -7937
1185 21430 -7583
1186 19884 -7198
1187 17541 -6785
1188 14877 -6345
1189 12405 -5880
1190 10604 -5393
1191 9845 -4883
1192 10348 -4355
1193 12140 -3810
1194 15059 -3250
1195 18775 -2677
1196 22830 -2094
1197 26711 -1502
1198 29916 -904
1199 32025 -303
1200 32760 300
1201 32025 902
1202 29916 1500
1203 26711 2092
1204 22830 2677
1205 18775 3250
1206 15059 3811
1207 12140 4357
1208 10348 4885
1209 9845 5394
1210 10604 5881
1211 12405 6345
1212 14877 6784
1213 17541 7196
1214 19884 7580
1215 21430 7934
1216 21807 8257
1217 20798 8547
1218 18376 8804
1219 14706 9026
1220 10124 9213
1221 5086 9363
1222 113 9477
1223 -4289 9553
1224 -7697 9591
1225 -9827 9591
1226 -10577 9553
1227 -10038 9477
1228 -8481 9363
1229 -6320 9213
1230 -4050 9026
1231 -2179 8804
1232 -1153 8547
1233 -1299 8257
1234 -2770 7934
1235 -5530 7580
1236 -9353 7196
1237 -13858 6784
1238 -18559 6345
1239 -22936 5881
1240 -26504 5394
1241 -28882 4885
1242 -29846 4357
1243 -29362 3811
1244 -27587 3250
1245 -24848 2677
1246 -21596 2092
1247 -18343 1500
1248 -15589 902
1249 -13752 300
1250 -13107 -303
1251 -13752 -904
1252 -15589 -1502
1253 -18343 -2094
1254 -21596 -2677
1255 -24848 -3250
1256 -27587 -3810
1257 -29362 -4355
1258 -29846 -4883
1259 -28882 -5393
1260 -26504 -5880
1261 -22936 -6345
1262 -18559 -6785
1263 -13858 -7198
1264 -9353 -7583
1265 -5530 -7937
1266 -2770 -8260
1267 -1299 -8551
1268 -1153 -8807
1269 -2179 -9029
1270 -4050 -9214
1271 -6320 -9364
1272 -8481 -9476
1273 -10038 -9552
1274 -10577 -9589
1275 -9827 -9589
1276 -7697 -9552
1277 -4289 -9476
1278 113 -9364
1279 5086 -9214
1280 10124 -9029
1281 14706 -8807
1282 18376 -8551
1283 20798 -8260
1284 21807 -7937
1285 21430 -7583
1286 19884 -7198
1287 17541 -6785
1288 14877 -6345
1289 12405 -5880
1290 10604 -5393
1291 9845 -4883
1292 10348 -4355
1293 12140 -3810
1294 15059 -3250
1295 18775 -2677
1296 22830 -2094
1297 26711 -1502
1298 29916 -904
1299 32025 -303
1300 32760 300
1301 32025 902
1302 29916 1500
1303 26711 2092
1304 22830 2677
1305 18775 3250
1306 15059 3811
1307 12140 4357
1308 10348 4885
1309 9845 5394
1310 10604 5881
1311 12405 6345
1312 14877 6784
1313 17541 7196
1314 19884 7580
1315 21430 7934
1316 21807 8257
1317 20798 8547
1318 18376 8804
1319 14706 9026
1320 10124 9213
1321 5086 9363
1322 113 9477
1323 -4289 9553
1324 -7697 9591
1325 -9827 9591
1326 -10577 9553
1327 -10038 9477
1328 -8481 9363
1329 -6320 9213
1330 -4050 9026
1331 -2179 8804
1332 -1153 8547
1333 -1299 8257
1334 -2770 7934
1335 -5530 7580
1336 -9353 7196
1337 -13858 6784
1338 -18559 6345
1339 -22936 5881
1340 -26504 5394
1341 -28882 4885
1342 -29846 4357
1343 -29362 3811
1344 -27587 3250
1345 -24848 2677
1346 -21596 2092
1347 -18343 1500
1348 -15589 902
1349 -13752 300
1350 -13107 -303
1351 -13752 -904
1352 -15589 -1502
1353 -18343 -2094
1354 -21596 -2677
1355 -24848 -3250
1356 -27587 -3810
1357 -29362 -4355
1358 -29846 -4883
1359 -28882 -5393
1360 -26504 -5880
1361 -22936 -6345
1362 -18559 -6785
1363 -13858 -7198
1364 -9353 -7583
1365 -5530 -7937
1366 -2770 -8260
1367 -1299 -8551
1368 -1153 -8807
1369 -2179 -9029
1370 -4050 -9214
1371 -6320 -9364
1372 -8481 -9476
1373 -10038 -9552
1374 -10577 -9589
1375 -9827 -9589
1376 -7697 -9552
1377 -4289 -9476
1378 113 -9364
1379 5086 -9214
1380 10124 -9029
1381 14706 -8807
1382 18376 -8551
1383 20798 -8260
1384 21807 -7937
1385 21430 -7583
1386 19884 -7198
1387 17541 -6785
1388 14877 -6345
1389 12405 -5880
1390 10604 -5393
1391 9845 -4883
1392 10348 -4355
1393 12140 -3810
1394 15059 -3250
1395 18775 -2677
1396 22830 -2094
1397 26711 -1502
1398 29916 -904
1399 32025 -303
1400 32760 300
1401 32025 902
1402 29916 1500
1403 26711 2092
1404 22830 2677
1405 18775 3250
1406 15059 3811
1407 12140 4357
1408 10348 4885
1409 9845 5394
1410 10604 5881
1411 12405 6345
1412 14877 6784
1413 17541 7196
1414 19884 7580
1415 21430 7934
1416 21807 8257
1417 20798 8547
1418 18376 8804
1419 14706 9026
1420 10124 9213
1421 5086 9363
1422 113 9477
1423 -4289 9553
1424 -7697 9591
1425 -9827 9591
1426 -10577 9553
1427 -10038 9477
1428 -8481 9363
1429 -6320 9213
1430 -4050 9026
1431 -2179 8804
1432 -1153 8547
1433 -1299 8257
1434 -2770 7934
1435 -5530 7580
1436 -9353 7196
1437 -13858 6784
1438 -18559 6345
1439 -22936 5881
1440 -26504 5394
1441 -28882 4885
1442 -29846 4357
1443 -29362 3811
1444 -27587 3250
1445 -24848 2677
1446 -21596 2092
1447 -18343 1500
1448 -15589 902
1449 -13752 300
1450 -13107 -303
1451 -13752 -904
1452 -15589 -1502
1453 -18343 -2094
1454 -21596 -2677
1455 -24848 -3250
1456 -27587 -3810
1457 -29362 -4355
1458 -29846 -4883
1459 -28882 -5393
1460 -26504 -5880
1461 -22936 -6345
1462 -18559 -6785
1463 -13858 -7198
1464 -9353 -7583
1465 -5530 -7937
1466 -2770 -8260
1467 -1299 -8551
1468 -1153 -8807
1469 -2179 -9029
1470 -4050 -9214
1471 -6320 -9364
1472 -8481 -9476
1473 -10038 -9552
1474 -10577 -9589
1475 -9827 -9589
1476 -7697 -9552
1477 -4289 -9476
1478 113 -9364
1479 5086 -9214
1480 10124 -9029
1481 14706 -8807
1482 18376 -8551
1483 20798 -8260
1484 21807 -7937
1485 21430 -7583
1486 19884 -7198
1487 17541 -6785
1488 14877 -6345
1489 12405 -5880
1490 10604 -5393
1491 9845 -4883
1492 10348 -4355
1493 12140 -3810
1494 15059 -3250
1495 18775 -2677
1496 22830 -2094
1497 26711 -1502
1498 29916 -904
1499 32025 -303
1500 32760 300
1501 32025 902
1502 29916 1500
1503 26711 2092
1504 22830 2677
1505 18775 3250
1506 15059 3811
1507 12140 4357
1508 10348 4885
1509 9845 5394
1510 10604 5881
1511 12405 6345
1512 14877 6784
1513 17541 7196
1514 19884 7580
1515 21430 7934
1516 21807 8257
1517 20798 8547
1518 18376 8804
1519 14706 9026
1520 10124 9213
1521 5086 9363
1522 113 9477
1523 -4289 9553
1524 -7697 9591
1525 -9827 9591
1526 -10577 9553
1527 -10038 9477
1528 -8481 9363
1529 -6320 9213
1530 -4050 9026
1531 -2179 8804
1532 -1153 8547
1533 -1299 8257
1534 -2770 7934
1535 -5530 7580
1536 -9353 7196
1537 -13858 6784
1538 -18559 6345
1539 -22936 5881
1540 -26504 5394
1541 -28882 4885
1542 -29846 4357
1543 -29362 3811
1544 -27587 3250
1545 -24848 2677
1546 -21596 2092
1547 -18343 1500
1548 -15589 902
1549 -13752 300
1550 -13107 -303
1551 -13752 -904
1552 -15589 -1502
1553 -18343 -2094
1554 -21596 -2677
1555 -24848 -3250
1556 -27587 -3810
1557 -29362 -4355
1558 -29846 -4883
1559 -28882 -5393
1560 -26504 -5880
1561 -22936 -6345
1562 -18559 -6785
1563 -13858 -7198
1564 -9353 -7583
1565 -5530 -7937
1566 -2770 -8260
1567 -1299 -8551
1568 -1153 -8807
1569 -2179 -9029
1570 -4050 -9214
1571 -6320 -9364
1572 -8481 -9476
1573 -10038 -9552
1574 -10577 -9589
1575 -9827 -9589
1576 -7697 -9552
1577 -4289 -9476
1578 113 -9364
1579 5086 -9214
1580 10124 -9029
1581 14706 -8807
1582 18376 -8551
1583 20798 -8260
1584 21807 -7937
1585 21430 -7583
1586 19884 -7198
1587 17541 -6785
1588 14877 -6345
1589 12405 -5880
1590 10604 -5393
1591 9845 -4883
1592 10348 -4355
1593 12140 -3810
1594 15059 -3250
1595 18775 -2677
1596 22830 -2094
1597 26711 -1502
1598 29916 -904
1599 32025 -303
1600 32760 300
1601 32025 902
1602 29916 1500
1603 26711 2092
1604 22830 2677
1605 18775 3250
1606 15059 3811
1607 12140 4357
1608 10348 4885
1609 9845 5394
1610 10604 5881
1611 12405 6345
1612 14877 6784
1613 17541 7196
1614 19884 7580
1615 21430 7934
1616 21807 8257
1617 20798 8547
1618 18376 8804
1619 14706 9026
1620 10124 9213
1621 5086 9363
1622 113 9477
1623 -4289 9553
1624 -7697 9591
1625 -9827 9591
1626 -10577 9553
1627 -10038 9477
1628 -8481 9363
1629 -6320 9213
1630 -4050 9026
1631 -2179 8804
1632 -1153 8547
1633 -1299 8257
1634 -2770 7934
1635 -5530 7580
1636 -9353 7196
1637 -13858 6784
1638 -18559 6345
1639 -22936 5881
1640 -26504 5394
1641 -28882 4885
1642 -29846 4357
1643 -29362 3811
1644 -27587 3250
1645 -24848 2677
1646 -21596 2092
1647 -18343 1500
1648 -15589 902
1649 -13752 300
1650 -13107 -303
1651 -13752 -904
1652 -15589 -1502
1653 -18343 -2094
1654 -21596 -2677
1655 -24848 -3250
1656 -27587 -3810
1657 -29362 -4355
1658 -29846 -4883
1659 -28882 -5393
1660 -26504 -5880
1661 -22936 -6345
1662 -18559 -6785
1663 -13858 -7198
1664 -9353 -7583
1665 -5530 -7937
1666 -2770 -8260
1667 -1299 -8551
1668 -1153 -8807
1669 -2179 -9029
1670 -4050 -9214
1671 -6320 -9364
1672 -8481 -9476
1673 -10038 -9552
1674 -10577 -9589
1675 -9827 -9589
1676 -7697 -9552
1677 -4289 -9476
1678 113 -9364
1679 5086 -9214
1680 10124 -9029
1681 14706 -8807
1682 18376 -8551
1683 20798 -8260
1684 21807 -7937
1685 21430 -7583
1686 19884 -7198
1687 17541 -6785
1688 14877 -6345
1689 12405 -5880
1690 10604 -5393
1691 9845 -4883
1692 10348 -4355
1693 12140 -3810
1694 15059 -3250
1695 18775 -2677
1696 22830 -2094
1697 26711 -1502
1698 29916 -904
1699 32025 -303
1700 32760 300
1701 32025 902
1702 29916 1500
1703 26711 2092
1704 22830 2677
1705 18775 3250
1706 15059 3811
1707 12140 4357
1708 10348 4885
1709 9845 5394
1710 10604 5881
1711 12405 6345
1712 14877 6784
1713 17541 7196
1714 19884 7580
1715 21430 7934
1716 21807 8257
1717 20798 8547
1718 18376 8804
1719 14706 9026
1720 10124 9213
1721 5086 9363
1722 113 9477
1723 -4289 9553
1724 -7697 9591
1725 -9827 9591
1726 -10577 9553
1727 -10038 9477
1728 -8481 9363
1729 -6320 9213
1730 -4050 9026
1731 -2179 8804
1732 -1153 8547
1733 -1299 8257
1734 -2770 7934
1735 -5530 7580
1736 -9353 7196
1737 -13858 6784
1738 -18559 6345
1739 -22936 5881
1740 -26504 5394
1741 -28882 4885
1742 -29846 4357
1743 -29362 3811
1744 -27587 3250
1745 -24848 2677
1746 -21596 2092
1747 -18343 1500
1748 -15589 902
1749 -13752 300
1750 -13107 -303
1751 -13752 -904
1752 -15589 -1502
1753 -18343 -2094
1754 -21596 -2677
1755 -24848 -3250
1756 -27587 -3810
1757 -29362 -4355
1758 -29846 -4883
1759 -28882 -5393
1760 -26504 -5880
1761 -22936 -6345
1762 -18559 -6785
1763 -13858 -7198
1764 -9353 -7583
1765 -5530 -7937
1766 -2770 -8260
1767 -1299 -8551
1768 -1153 -8807
1769 -2179 -9029
1770 -4050 -9214
1771 -6320 -9364
1772 -8481 -9476
1773 -10038 -9552
1774 -10577 -9589
1775 -9827 -9589
1776 -7697 -9552
1777 -4289 -9476
1778 113 -9364
1779 5086 -9214
1780 10124 -9029
1781 14706 -8807
1782 18376 -8551
1783 20798 -8260
1784 21807 -7937
1785 21430 -7583
1786 19884 -7198
1787 17541 -6785
1788 14877 -6345
1789 12405 -5880
1790 10604 -5393
1791 9845 -4883
1792 10348 -4355
1793 12140 -3810
1794 15059 -3250
1795 18775 -2677
1796 22830 -2094
1797 26711 -1502
1798 29916 -904
1799 32025 -303
1800 32760 300
1801 32025 902
1802 29916 1500
1803 26711 2092
1804 22830 2677
1805 18775 3250
1806 15059 3811
1807 12140 4357
1808 10348 4885
1809 9845 5394
1810 10604 5881
1811 12405 6345
1812 14877 6784
1813 17541 7196
1814 19884 7580
1815 21430 7934
1816 21807 8257
1817 20798 8547
1818 18376 8804
1819 14706 9026
1820 10124 9213
1821 5086 9363
1822 113 9477
1823 -4289 9553
1824 -7697 9591
1825 -9827 9591
1826 -10577 9553
1827 -10038 9477
1828 -8481 9363
1829 -6320 9213
1830 -4050 9026
1831 -2179 8804
1832 -1153 8547
1833 -1299 8257
1834 -2770 7934
1835 -5530 7580
1836 -9353 7196
1837 -13858 6784
1838 -18559 6345
1839 -22936 5881
1840 -26504 5394
1841 -28882 4885
1842 -29846 4357
1843 -29362 3811
1844 -27587 3250
1845 -24848 2677
1846 -21596 2092
1847 -18343 1500
1848 -15589 902
1849 -13752 300
1850 -13107 -303
1851 -13752 -904
1852 -15589 -1502
1853 -18343 -2094
1854 -21596 -2677
1855 -24848 -3250
1856 -27587 -3810
1857 -29362 -4355
1858 -29846 -4883
1859 -28882 -5393
1860 -26504 -5880
1861 -22936 -6345
1862 -18559 -6785
1863 -13858 -7198
1864 -9353 -7583
1865 -5530 -7937
1866 -2770 -8260
1867 -1299 -8551
1868 -1153 -8807
1869 -2179 -9029
1870 -4050 -9214
1871 -6320 -9364
1872 -8481 -9476
1873 -10038 -9552
1874 -10577 -9589
1875 -9827 -9589
1876 -7697 -9552
1877 -4289 -9476
1878 113 -9364
1879 5086 -9214
1880 10124 -9029
1881 14706 -8807
1882 18376 -8551
1883 20798 -8260
1884 21807 -7937
1885 21430 -7583
1886 19884 -7198
1887 17541 -6785
1888 14877 -6345
1889 12405 -5880
1890 10604 -5393
1891 9845 -4883
1892 10348 -4355
1893 12140 -3810
1894 15059 -3250
1895 18775 -2677
1896 22830 -2094
1897 26711 -1502
1898 29916 -904
1899 32025 -303
1900 32760 300
1901 32025 902
1902 29916 1500
1903 26711 2092
1904 22830 2677
1905 18775 3250
1906 15059 3811
1907 12140 4357
1908 10348 4885
1909 9845 5394
1910 10604 5881
1911 12405 6345
1912 14877 6784
1913 17541 7196
1914 19884 7580
1915 21430 7934
1916 21807 8257
1917 20798 8547
1918 18376 8804
1919 14706 9026
1920 10124 9213
1921 5086 9363
1922 113 9477
1923 -4289 9553
1924 -7697 9591
1925 -9827 9591
1926 -10577 9553
1927 -10038 9477
1928 -8481 9363
1929 -6320 9213
1930 -4050 9026
1931 -2179 8804
1932 -1153 8547
1933 -1299 8257
1934 -2770 7934
1935 -5530 7580
1936 -9353 7196
1937 -13858 6784
1938 -18559 6345
1939 -22936 5881
1940 -26504 5394
1941 -28882 4885
1942 -29846 4357
1943 -29362 3811
1944 -27587 3250
1945 -24848 2677
1946 -21596 2092
1947 -18343 1500
1948 -15589 902
1949 -13752 300
1950 -13107 -303
1951 -13752 -904
1952 -15589 -1502
1953 -18343 -2094
1954 -21596 -2677
1955 -24848 -3250
1956 -27587 -3810
1957 -29362 -4355
1958 -29846 -4883
1959 -28882 -5393
1960 -26504 -5880
1961 -22936 -6345
1962 -18559 -6785
1963 -13858 -7198
1964 -9353 -7583
1965 -5530 -7937
1966 -2770 -8260
1967 -1299 -8551
1968 -1153 -8807
1969 -2179 -9029
1970 -4050 -9214
1971 -6320 -9364
1972 -8481 -9476
1973 -10038 -9552
1974 -10577 -9589
1975 -9827 -9589
1976 -7697 -9552
1977 -4289 -9476
1978 113 -9364
1979 5086 -9214
1980 10124 -9029
1981 14706 -8807
1982 18376 -8551
1983 20798 -8260
1984 21807 -7937
1985 21430 -7583
1986 19884 -7198
1987 17541 -6785
1988 14877 -6345
1989 12405 -5880
1990 10604 -5393
1991 9845 -4883
1992 10348 -4355
1993 12140 -3810
1994 15059 -3250
1995 18775 -2677
1996 22830 -2094
1997 26711 -1502
1998 29916 -904
1999 32025 -303
